Result List, size: 36
gene: 
831,1062,2182,
gene: 
819,1688,818,
gene: 
29194,29195,21624,
gene: 
863,0,83,
gene: 
819,0,818,
gene: 
25,4460,0,
gene: 
104,4288,0,
gene: 
0,0,157,
gene: 
104,0,0,
gene: 
29194,29195,29196,
gene: 
1740,1740,31583,
gene: 
47521,0,0,
gene: 
47521,0,83,
gene: 
0,1688,818,
gene: 
4459,4460,0,
gene: 
35,818,157,
gene: 
831,1062,0,
gene: 
2210,4779,2206,
gene: 
35185,10463,865,
gene: 
104,28809,0,
gene: 
29194,0,29196,
gene: 
29194,21623,29196,
gene: 
29194,29195,19662,
gene: 
1740,1740,0,
gene: 
1740,1740,29781,
gene: 
1740,1740,1338,
gene: 
1740,1740,1740,
gene: 
47521,0,47521,
gene: 
35,0,157,
gene: 
35,833,30055,
gene: 
58,0,157,
gene: 
2210,4779,0,
gene: 
2210,4779,80,
gene: 
83,1037,867,
gene: 
0,10463,865,
gene: 
13108,10463,865,
